01 21 01 01 01 01 01 01 f3 00 00 00 00 00 00 00  # Signature: 01 21 01 01 01 01 01 01 (8 bytes), Length: f3 00 00 00 00 00 00 00  (8 bytes)
01 e9 03 00 00 00 00 00 00 01 00 00 00 01 00 00  # Expect Response: 01 (1 byte), Command: e9 03 00 00  (4 bytes), Return Code: 00 00 00 00  (4 bytes), Reserved: 01 00 00 00  (4 bytes)
00 01 11 01 01 01 01 02 01 01 08 09 6e 6f 64 65  # Ending chars: 01 00 00 00 (4 bytes).   Flag=01
5f 64 61 74 61 0c 0c 07 6d 79 5f 70 6f 72 74 06 
a0 46 00 00 0a 6e 65 74 77 6f 72 6b 5f 69 64 0a 
40 12 30 f1 71 61 04 41 61 17 31 00 82 16 a1 a1
10 07 70 65 65 72 5f 69 64 05 9c 85 56 0d 0e d2 
09 eb 0c 70 61 79 6c 6f 61 64 5f 64 61 74 61 0c
14 15 63 75 6d 75 6c 61 74 69 76 65 5f 64 69 66
66 69 63 75 6c 74 79 05 75 5c 4a f7 d8 c4 14 01
1b 63 75 6d 75 6c 61 74 69 76 65 5f 64 69 66 66
69 63 75 6c 74 79 5f 74 6f 70 36 34 05 00 00 00
00 00 00 00 00 0e 63 75 72 72 65 6e 74 5f 68 65
69 67 68 74 05 92 49 22 00 00 00 00 00 06 74 6f
70 5f 69 64 0a 80 24 1d 25 da f6 97 ab 1c 3b df
4d 93 c2 6e 6c 42 4b 3f f0 84 fb cd 24 5a ba 17
e6 b0 8a 37 70 73 0b 74 6f 70 5f 76 65 72 73 69
6f 6e 08 0e

===============================================

            01 21 01 01 01 01 01 01 1d 00 00 00  # Signature: 01 21 01 01 01 01 01 01 (8 bytes)
00 00 00 00 00 ef 03 00 00 01 00 00 00 02 00 00  # Length: 1d 00 00 00 00 00 00 00 (8 bytes), Expect Response: 00 (1 byte), Command: ef 03 00 00  (4 bytes), Return Code: 01 00 00 00  (4 bytes)
00 01 00 00 00 01 11 01 01 01 01 02 01 01 04 0d  # Reserved: 02 00 00  00 (4 bytes), Ending chars: 01 00 00 00 (4 bytes).   Flag=02
73 75 70 70 6f 72 74 5f 66 6c 61 67 73 06 01 00
00 00 |..|
