 18080
 18080
 18080
 18080
 18080
 18080
 18080
 18080
 18080
 18080
 18080
 18080
 18080
 18080
 18080
 18080
 18080
 18080
 18080
 18080
 18080
 18080
 18080
 18080
 4283
 6205
 8219
 8903
 9581
 12175
 16174
 18080
 5570
 5919
 6933
 8660
 10507
 11991
 17530
 18080
 5047
 5958
 6530
 8282
 8418
 11788
 14007
 18080
 18080
 18080
 18080
 18080
 18080
 18080
 18080
 18080
 18080
 18080
 18080
 18080
 7741
 7947
 13725
 18080
 18080
 18080
 18080
 18080
 18080
 18080
 18080
 18080
 18080
 18080
 18080
 18080
 18080
 18080
 18080
 18080
 1783
 8776
 11630
 13269
 14161
 14390
 17647
 18080
 4053
 4057
 4192
 8605
 10506
 17545
 18080
 18080
 18080
 18080
 18080
 18080
 18080
 18080
 18080
 18080
 18080
 18080
 18080
 18080
 18080
 18080
 18080
 18080
 18080
 18080
 18080
 18080
 18080
 18080
 18480
 18580
 18080
 18080
 1724
 5016
 7013
 7373
 9392
 16784
 17144
 18080
 18080
 18080
 18080
 18080
 18080
 18080
 18080
 18080
 1924
 4612
 5402
 12705
 14089
 16335
 17302
 18080
 18080
 18080
 18080
 18180
 18280
 5842
 18080
 18080
 18080
 18080
 18080
 28091
 18080
 18080
 18080
 18080
 18080
 18380
 18580
 18080
 18080
 18080
 18080
 18080
 18080
 18180
 18380
 18580
 18080
 3550
 12617
 12650
 14757
 16075
 16672
 17819
 18080
 18080
 9311
 11919
 15462
 16007
 18080
 18080
 18080
 18080
 18080
 18080
 18080
 18080
 18080
 18080
 18080
 18080
 18080
 18080
 18080
 18480
 18080
 18080
 18080
 18080
 18080
 18080
 18080
 18180
 18380
 18080
 18080
 18080
 18080
 18080
 18080
 18180
 18380
 18580
 7710
 9836
 11821
 11967
 12524
 12655
 17809
 18080
 18080
 18080
 18080
 18280
 18580
 2945
 5092
 5611
 10800
 15286
 16094
 17547
 18080
 18080
 18080
 18080
 18080
 18080
 18080
 18180
 1900
 3098
 4088
 4686
 9009
 12326
 12731
 18080
 18080
 18080
 18180
 18280
 18080
 18080
 18080
 18080
 2246
 5340
 10713
 13267
 18080
 18080
 18080
 18080
 18080
 18380
 18080
 18080
 18080
 18080
 18080
 18080
 18080
 18080
 18080
 18180
 28159
 18080
 18080
 18080
 18080
 18080
 4162
 5963
 6501
 6558
 7338
 12746
 16656
 18080
 2014
 2782
 2953
 2987
 5578
 8769
 13508
 18080
 18080
 18080
 18080
 18080
 18080
 18080
 18080
 18080
 18080
 18080
 18080
 18080
 8536
 18080
 18080
 18080
 18080
 18080
 18080
 18080
 18080
 18080
 18080
 18080
 18080
 18080
 18080
 18080
 18080
 18080
 18080
 18080
 18080
 18080
 18080
 18080
 18080
 18080
 18380
 18080
 18080
 18080
 18080
 18280
 18080
 18080
 2796
 3294
 4380
 5414
 15814
 18080
 18080
 10067
 13377
 13564
 18080
 18180
 18080
 18080
 18080
 18080
 18080
 18080
 18080
 18080
 18080
 3201
 4666
 5552
 7682
 11174
 16074
 18080
 18180
 18080
 18080
 18080
 18080
 4533
 5280
 6388
 9302
 10647
 10795
 18080
 18080
 18080
 18080
 18480
 18580
 18080
 18080
 18080
 18080
 18080
 18080
 18080
 18080
 18080
 18080
 18080
 18080
 18380
 18480
 18080
 18080
 18080
 7000
 18080
 18080
 18080
 18080
 18080
 18080
 18080
 18080
 18080
 18080
 18080
 48080
 18080
 18080
 18180
 18380
 18080
 18080
 18080
 18081
 18082
 18080
 2600
 7901
 11822
 12419
 12859
 13567
 13691
 18080
 18080
 18080
 18080
 18080
 3387
 4666
 5414
 6269
 10782
 11384
 14950
 18080
 18080
 18180
 18380
 18580
 1871
 4921
 7375
 8772
 9784
 12248
 17373
 18080
 18080
 18080
 18080
 18080
 18080
 18080
 2325
 8436
 8592
 9648
 11110
 11777
 13873
 18080
 18080
 3336
 5841
 13639
 13736
 16151
 17336
 18080
 18280
 18480
 18080
 18080
 5254
 7191
 12496
 14417
 15004
 15500
 17780
 18080
 5216
 6018
 6146
 9699
 10607
 13751
 16217
 18080
 9279
 9795
 11796
 14086
 16426
 16568
 17781
 18080
 18080
 18080
 18080
 2147
 4203
 8806
 12061
 18080
 18080
 18380
 18080
 18080
 5907
 6306
 8738
 8832
 16611
 18080
 18080
 18080
 2694
 6399
 7241
 7493
 14269
 14539
 17092
 18080
 18080
 18480
 18080
 18080
 7428
 12632
 14139
 14328
 14835
 15280
 17439
 18080
 53121
 18080
 18080
 18080
 18080
 18080
 18080
 9080
 18080
 18080
 1638
 6369
 12271
 14611
 16413
 18080
 18080
 3121
 4657
 6219
 7458
 8797
 10356
 16759
 18080
 1577
 2214
 5737
 7141
 11229
 16152
 16647
 18080
 18180
 18280
 18080
 18080
 18080
 3116
 4235
 4712
 10728
 17492
 18080
 18080
 18080
 18080
 18080
 18080
 18080
 18180
 18280
 18480
 18580
 18080
 18080
 18080
 18080
 18080
 18080
 18080
 1694
 5508
 6447
 7568
 13101
 15644
 18080
 18080
 18080
 48080
 18080
 2724
 3019
 3440
 11453
 12059
 15570
 16845
 18080
 18480
 18080
 18080
 5488
 6942
 7902
 10904
 12513
 18080
 18080
 18080
 18080
 18080
 18080
 3755
 6008
 14538
 16261
 18080
 2750
 5387
 6302
 8376
 9276
 15454
 18080
 18080
 2207
 3168
 7163
 7903
 9377
 12875
 16128
 18580
 18080
 18080
 18080
 18080
 18080
 18080
 18080
 18080
 18080
 1980
 5560
 5759
 18080
 18080
 18080
 18180
 18380
 18080
 2360
 6523
 7092
 14481
 16547
 17395
 18080
 18080
 18080
 18080
 18080
 18080
 18080
 18080
 18080
 48080
 18080
 18080
 18080
 18080
 18080
 18080
 2469
 7521
 8369
 13301
 14251
 18080
 18080
 18180
 18380
 18480
 18080
 18080
 18080
 18080
 18080
 18080
 18580
 18080
 18080
 7657
 9664
 11954
 12858
 13771
 15448
 17271
 18080
 18080
 18080
 18080
 18080
 18080
 18080
 18580
 18080
 18080
 18080
 18080
 18080
 18080
 18080
 2536
 2735
 3829
 4878
 8899
 14372
 15657
 18080
 18080
 18280
 18580
 18080
 18080
 18080
 18080
 18080
 2773
 4480
 6899
 6959
 10269
 13066
 13977
 18080
 18080
 18080
 18080
 18080
 18180
 18280
 18480
 18080
 18080
 18080
 18080
 18080
 18080
 18080
 18080
 18080
 18180
 18480
 18580
 18080
 18080
 18080
 18080
 18080
 18080
 18080
 18080
 58080
 18080
 18080
 18380
 18580
 18080
 18080
 18080
 18080
 18080
 18080
 18080
 18280
 18580
 18080
 18080
 18080
 7516
 7669
 10047
 13475
 15071
 17718
 18080
 18080
 18080
 18080
 1743
 4224
 5451
 7992
 8719
 10808
 13890
 18080
 18080
 18080
 28159
 18080
 4683
 6024
 6521
 6588
 18080
 18080
 18080
 18080
 18080
 18080
 18080
 18080
 18080
 18080
 18080
 18080
 18080
 18080
 18080
 18080
 18080
 18080
 18180
 18080
 4354
 5759
 6536
 11020
 15770
 16014
 16697
 18080
 18080
 18080
 18080
 38781
 18080
 18080
 18080
 18080
 18080
 2263
 11948
 14140
 15448
 18080
 3434
 6568
 16138
 16467
 18080
 18080
 18080
 18080
 18080
 18080
 18080
 18080
 18080
 18280
 18380
 4036
 7468
 11351
 14101
 16197
 16923
 17119
 18080
 18080
 18080
 18080
 18080
 18080
 18080
 18580
 6730
 10730
 11800
 12438
 18080
 18089
 18080
 18080
 18080
 18080
 18080
 18080
 5051
 5954
 9607
 12326
 12620
 16834
 18080
 18080
 18080
 18080
 18080
 18080
 18080
 18080
 18080
 7446
 10272
 12768
 13937
 15820
 18080
 18080
 18080
 18080
 18080
 1723
 2254
 5837
 10141
 13070
 15999
 16237
 18080
 18080
 18180
 3386
 9431
 9790
 13958
 14287
 14637
 18080
 18080
 18080
 18080
 18080
 18080
 18080
 18080
 6339
 8102
 15119
 15245
 16402
 16843
 17723
 18080
 18080
 6321
 9881
 11695
 13155
 14219
 14250
 16993
 18080
 18080
 18080
 1993
 4738
 6796
 10540
 13449
 14869
 15610
 18080
 18080
 18080
 18080
 18080
 18080
 18080
 18080
 18080
 18080
 18080
 1797
 2877
 5093
 7241
 8989
 9926
 17050
 18080
 18080
 18080
 18280
 18080
 18080
 18080
 18080
 2550
 4374
 5422
 6863
 12174
 12300
 14730
 18080
 18080
 18080
 18080
 18080
 18080
 18080
 18080
 48080
 18080
 18080
 18080
 18080
 18080
 18080
 18080
 18080
 18080
 18080
 18080
 18080
 18080
 18180
 18080
 18080
 18080
 18080
 18080
 18080
 5367
 5577
 12518
 13331
 14220
 16387
 17876
 18080
 18280
 18580
 18080
 18080
 18080
 18080
 2271
 4238
 6114
 6570
 11485
 13284
 18080
 18080
 18080
 18080
 18280
 18580
 4522
 7239
 8787
 9006
 17602
 18080
 18080
 18080
 18080
 18080
 11286
 15614
 18080
 18080
 18080
 18080
 18080
 18080
 18080
 18180
 3381
 5079
 8089
 10871
 14711
 18080
 18080
 18080
 18080
 1861
 2803
 11973
 15957
 16079
 17830
 17903
 2966
 3195
 11703
 12789
 18080
 18080
 18080
 18080
 2385
 6606
 8671
 10250
 17717
 18080
 18080
 18080
 18080
 18080
 18080
 18080
 18080
 18080
 18080
 18080
 18080
 18080
 18080
 18080
 18080
 4015
 5426
 9462
 10087
 12539
 15112
 18080
 18080
 18080
 18080
 18080
 18080
 28159
 18080
 18080
 18080
 18080
 18480
 18080
 1701
 7286
 13595
 15371
 18080
 18080
 18080
 18080
 18080
 18080
 18080
 18080
 18080
 18080
 18080
 18080
 18180
 18280
 18380
 7121
 7597
 11786
 12030
 13412
 17398
 17429
 28159
 18080
 18080
 18080
 18080
 18080
 5963
 17083
 18080
 18080
 18080
 18080
 2917
 5456
 8463
 9965
 12674
 14284
 14779
 18080
 18080
 18280
 18080
 5131
 10507
 11000
 11974
 12588
 14343
 17290
 18080
 18080
 18080
 18080
 4393
 7292
 9369
 9674
 11055
 12837
 17433
 18080
 18080
 18180
 18280
 18580
 3676
 9406
 9555
 11878
 14859
 18080
 18080
 18080
 18080
 18080
 18080
 18080
 18080
 18080
 18080
 18080
 18080
 18080
 18080
 18180
 20001
 18080
 18080
 18080
 18080
 18080
 18080
 16546
 18080
 18080
 18080
 18080
 18480
 18080
 18080
 18080
 18080
 1608
 4121
 6665
 7152
 9648
 12867
 14798
 18080
 18080
 18080
 18480
 18080
 18080
 18080
 18080
 18080
 18080
 18080
 1810
 3129
 3665
 5185
 13091
 16120
 16217
 18080
 18080
 18080
 18080
 48080
 18080
 18080
 18080
 18080
 18080
 18080
 18080
 18080
 18080
 18080
 18480
 18080
 18080
 18080
 3777
 6039
 6147
 7169
 7371
 13194
 13360
 18080
 18080
 18080
 18080
 18080
 18080
 18080
 18580
 18080
 18080
 18080
 18080
 18080
 18080
 18080
 18080
 18080
 1711
 3000
 12359
 14101
 15077
 15330
 16666
 18080
 18280
 18080
 18080
 18080
 18080
 3969
 4273
 4469
 4522
 15622
 16036
 17358
 18080
 18080
 18080
 18380
 18080
 18080
 18080
 18080
 18080
 18080
 18080
 4187
 6069
 10087
 10829
 14043
 15507
 17370
 18080
 18080
 18080
 18280
 18080
 18080
 4138
 5296
 6206
 8282
 11991
 13072
 16928
 18080
 18080
 18080
 18080
 18080
 2521
 3677
 6154
 6593
 7740
 12338
 15770
 18080
 18080
 2776
 3840
 6965
 7620
 8870
 10067
 12943
 18080
 18480
 18080
 18080
 18080
 18080
 18080
 18080
 18080
 18080
 18080
 18080
 18080
 18180
 18380
 18580
 18080
 18080
 18080
 48080
 18080
 18080
 18080
 18080
 18080
 18380
 18580
 18080
 18080
 18080
 18080
 18080
 18080
 18080
 18080
 18080
 18080
 18080
 18080
 18080
 18580
 18080
 48080
 18080
 18080
 18080
 18080
 18080
 18080
 2602
 3034
 7001
 7288
 8894
 13595
 18080
 1838
 4070
 8116
 8303
 10607
 11203
 11907
 18080
 17577
 18080
 4275
 6589
 14150
 18080
 18080
 8698
 9061
 9778
 13579
 13625
 18080
 18080
 18080
 18080
 18080
 18080
 18080
 18080
 6025
 9089
 12656
 13309
 16028
 17767
 18480
 18580
 18080
 18080
 18080
 18080
 18080
 18080
 3966
 5270
 6751
 8886
 16274
 16635
 17026
 18080
 18080
 18080
 1740
 6678
 8440
 9461
 11493
 15896
 18080
 18080
 3339
 3431
 3745
 7900
 14874
 18080
 6569
 6625
 9255
 10623
 11171
 11771
 13074
 18080
 18280
 18380
 18480
 18080
 18080
 3096
 6623
 8740
 9539
 16104
 17629
 18080
 18080
 18080
 18080
 18080
 18080
 18080
 18080
 2117
 3048
 4383
 12624
 13012
 18080
 18080
 18080
 18080
 4513
 8993
 11518
 14449
 18080
 18080
 18080
 18080
 18080
 5903
 6778
 7039
 7834
 10241
 11145
 14989
 18080
 18080
 48080
 18080
 4660
 5393
 10924
 14795
 17787
 18280
 18380
 18480
 18080
 18080
 18080
 18080
 18080
 18080
 18080
 18080
 5043
 6600
 7359
 8637
 11825
 14409
 15092
 18080
 18080
 18080
 7249
 7493
 12738
 15384
 16182
 18080
 18080
 18080
 18080
 18080
 18180
 18280
 18480
 18080
 18080
 18080
 6222
 7081
 15237
 15334
 16332
 17151
 18080
 18080
 18080
 2160
 4958
 5898
 7864
 11562
 18080
 18080
 18080
 18080
 18080
 18080
 18180
 18280
 18480
 18580
 18080
 18080
 1541
 2621
 5749
 6373
 7414
 9015
 13517
 18080
 8180
 18080
 18080
 5363
 8069
 13894
 18080
 18080
 18080
 18080
 18080
 18080
 18180
 18080
 18080
 18080
 5608
 6374
 7849
 9130
 10092
 16325
 18080
 18080
 2153
 4611
 11607
 14013
 14056
 18080
 18080
 18080
 18080
 28159
 18080
 28159
 18080
 18080
 18080
 18080
 18080
 18180
 18480
 18080
 18080
 18080
 18080
 18080
 18080
 3403
 4169
 7917
 12542
 14576
 15519
 18080
 18080
 18080
 1855
 3518
 3519
 10181
 12944
 13402
 16576
 18080
 18080
 18080
 18080
 18080
 18080
 18080
 18080
 18580
 18080
 18080
 18080
 18080
 18080
 3167
 4103
 7778
 14919
 16062
 16789
 18080
 18080
 3042
 9054
 9139
 9893
 14510
 16075
 17099
 2749
 3226
 4251
 5269
 5463
 12528
 14187
 18080
 18080
 61103
 18080
 18080
 18080
 4384
 5206
 6607
 10132
 10297
 10638
 15633
 18080
 18080
 18180
 18080
 18080
 18080
 18080
 18080
 2220
 3337
 4125
 4419
 12043
 15185
 17469
 18080
 18080
 18080
 18080
 2261
 4979
 6070
 8026
 8055
 12312
 13082
 18080
 18180
 18280
 18380
 18080
 3432
 4610
 8057
 12435
 14045
 16103
 17398
 18080
 18080
 18080
 18080
 3934
 4909
 4923
 6465
 11136
 13048
 13110
 18080
 18080
 18080
 18180
 18280
 18380
 18480
 18080
 10055
 14132
 15548
 18080
 18080
 18080
 18080
 18080
 18080
 18080
 18080
 18080
 18080
 18080
 18180
 18480
 18580
 18080
 8358
 10865
 15709
 18080
 18080
 18080
 18080
 18080
 18080
 18380
 18580
 18080
 18080
 18080
 18080
 28080
 18080
 18080
 18080
 18080
 18180
 18480
 18080
 18080
 18080
 18080
 18080
 18080
 10976
 12229
 18080
 18080
 18080
 18080
 18080
 18080
 18080
 18080
 18080
 18080
 18080
 18480
 18080
 18080
 18080
 18080
 18080
 3181
 6449
 9055
 9620
 9765
 15583
 16415
 18080
 18080
 18080
 2640
 6508
 9726
 11511
 13144
 15946
 18080
 18080
 18080
 18080
 18080
 3275
 6139
 7620
 7691
 8403
 14901
 15149
 18080
 18180
 18080
 18080
 2649
 3170
 7813
 11291
 12083
 16005
 16723
 18080
 18080
 18080
 18080
 18080
 18280
 18380
 18080
 18080
 18080
 18080
 48011
 18080
 18080
 18080
 18080
 18080
 18080
 18080
 18080
 2999
 4293
 5534
 11806
 12133
 15570
 16919
 18080
 18080
 18180
 18380
 18080
 18080
 18080
 18080
 18080
 18080
 18080
 18080
 18080
 18080
 18080
 18080
 18080
 18280
 18480
 18580
 18080
 18080
 18080
 18080
 18080
 18080
 18080
 18080
 18080
 2155
 4865
 4991
 7269
 8839
 9383
 10980
 18080
 18080
 18180
 18380
 18480
 18080
 18080
 18080
 18080
 18080
 18080
 18080
 18080
 18080
 5152
 7731
 11965
 15022
 15520
 16570
 16834
 18080
 1657
 7852
 11456
 12262
 12358
 12430
 17668
 18180
 18280
 18380
 18580
 18080
 18080
 18080
 18080
 18080
 18080
 18080
 18080
 18380
 18580
 18080
 18080
 18080
 18080
 18080
 18080
 18080
 18080
 18080
 18080
 18180
 18080
 18080
 18080
 18080
 18080
 1681
 2638
 6300
 7400
 12200
 12984
 18080
 18080
 18480
 18080
 18080
 18080
 18080
 18080
 18080
 18211
 18080
 18080
 18180
 18280
 18380
 8376
 8433
 8696
 12113
 12223
 12388
 12904
 18080
 18080
 3172
 6328
 7586
 7936
 11193
 12418
 18080
 18080
 18080
 18080
 18080
 4089
 5218
 6970
 8755
 13452
 15441
 16618
 18380
 18080
 18080
 5480
 5733
 6313
 6838
 9899
 28159
 18080
 18080
 18080
 18080
 18080
 18080
 18080
 18080
 18080
 18080
 18080
 18380
 18580
 18080
 18080
 18080
 18080
 18080
 9072
 9230
 11704
 12371
 12766
 16036
 18080
 18080
 18080
 18080
 1573
 6822
 8697
 8804
 10779
 14026
 16624
 18080
 18080
 1758
 9586
 11155
 16220
 17858
 18080
 18080
 18080
 18080
 18080
 5684
 6380
 6451
 7486
 10407
 13517
 14397
 18080
 2635
 4978
 8321
 9605
 10074
 12034
 15579
 18080
 18080
 18080
 18080
 18080
 18280
 18080
 18080
 3807
 6410
 7637
 8462
 11133
 16759
 17387
 18080
 18080
 18080
 18080
 18080
 18080
 18080
 18080
 18180
 18080
 18080
 18080
 18080
 3258
 13631
 15312
 18080
 18080
 18080
 18080
 18080
 18080
 18080
 18180
 18380
 18580
 18080
 18080
 18080
 18080
 18080
 4404
 4918
 9560
 12858
 16777
 18080
 18080
 1647
 2536
 2602
 5007
 6351
 10839
 16792
 18080
 18080
 18080
 18180
 18080
 18080
 18080
 28080
 18080
 18080
 18080
 18080
 18080
 18080
 2421
 3049
 3128
 4929
 5207
 5574
 15999
 18080
 18180
 18380
 18080
 18080
 18080
 18080
 5275
 5830
 8769
 10193
 16817
 18080
 18080
 18080
 18080
 2546
 6134
 7230
 7411
 13546
 15651
 16872
 18080
 18080
 18080
 18080
 18080
 18180
 18280
 18080
 18080
 18080
 18080
 18080
 18280
 18480
 18580
 7345
 14584
 14805
 15099
 17697
 17817
 17865
 18080
 18080
 2903
 11574
 11940
 14532
 17098
 17517
 18080
 18079
 18180
 18080
 48080
 3161
 6032
 6318
 8523
 12829
 16374
 17548
 18080
 18080
 10660
 11248
 13221
 14596
 17020
 17090
 17484
 18080
 3881
 7136
 11254
 18480
 18080
 18080
 18080
 18180
 18480
 18080
 18080
 18080
 18080
 18080
 18080
 18080
 18080
 18080
 18080
 48080
 18080
 18080
 18080
 16080
 18080
 3226
 4424
 4961
 9223
 12942
 16989
 17219
 18080
 18080
 18080
 7120
 7125
 9459
 10768
 15820
 15888
 17826
 18080
 18080
 18080
 18080
 18080
 18080
 18080
 18080
 18080
 18080
 18080
 18080
 18080
 18080
 18080
 1840
 7801
 8291
 8967
 9851
 12438
 14838
 18080
 18280
 18480
 18580
 21292
 18080
 18080
 18080
 18080
 18080
 18080
 18080
 18080
 18480
 18580
 18080
 18080
 18080
 18080
 18080
 18080
 18080
 18080
 18080
 18080
 5854
 9284
 11137
 12700
 18080
 18080
 18080
 18080
 18380
 18080
 18080
 18080
 18080
 18080
 18080
 18080
 18080
 18080
 18080
 18080
 48080
 18080
 18280
 18380
 18480
 18080
 18080
 18080
 18080
 18080
 18080
 18080
 18080
 18080
 18080
 18080
 18080
 18080
 18080
 18080
 18480
 18580
 18080
 18080
 18080
 28159
 18080
 8907
 11108
 12406
 15219
 15405
 15754
 16380
 18080
 18180
 18280
 18080
 18080
 18080
 18080
 18080
 18080
 3563
 4912
 14629
 17384
 18080
 18080
 18080
 18080
 18380
 18580
 18080
 18080
 18080
 18080
 18080
 2899
 8948
 14158
 16668
 18080
 18080
 4773
 9018
 14869
 16942
 18080
 18080
 18080
 18080
 18080
 18180
 18480
 18580
 18080
 18080
 18080
 18080
 18080
 18080
 18080
 18080
 18080
 18080
 18080
 18080
 18180
 18380
 18480
 18080
 18080
 18080
 18080
 18080
 18080
 18080
 18080
 18080
 18080
 18080
 18080
 18080
 18080
 18180
 18080
 18080
 18080
 18080
 18080
 18080
 18080
 18080
 18080
 18080
 18080
 18080
 18080
 18080
 18080
 18280
 18380
 18580
 18080
 18080
 18080
 4400
 5752
 6615
 14031
 14846
 18080
 1892
 2336
 2557
 4661
 8997
 10694
 16322
 18080
 18080
 18080
 18580
 18080
 18080
 18080
 18080
 18080
 18080
 18080
 18080
 18080
 18180
 18480
 18080
 18080
 18080
 18080
 18080
 18080
 18080
 18180
 18380
 18580
 12340
 18080
 18080
 18080
 18080
 18080
 18080
 18080
 18080
 18080
 18280
 18080
 18080
 18080
 18080
 18080
 38183
 18080
 18080
 18080
 18080
 18080
 18080
 18280
 18380
 18480
 18080
 18080
 8233
 9452
 11137
 11585
 14466
 15068
 15213
 18080
 18080
 18380
 18480
 18580
 18080
 18080
 18080
 18080
 18080
 18080
 18080
 18080
 18080
 18080
 18080
 18080
 18080
 18080
 18380
 18080
 18080
 18080
 18080
 18080
 18080
 3901
 4530
 5484
 6654
 13496
 17173
 18080
 18080
 18280
 18380
 18480
 18580
 18080
 18080
 18080
 18080
 18180
 18280
 18080
 18080
 18080
 12538
 1783
 3590
 4729
 6248
 9042
 9799
 18080
 18080
 18080
 18080
 18080
 18080
 18180
 18280
 18580
 18080
 7534
 7608
 8210
 8438
 14888
 18080
 18080
 18080
 18080
 18080
 59337
 18080
 18080
 18080
 18080
 18080
 18080
 18280
 18080
 18080
 18080
 18080
 18080
 18080
 18080
 18080
 18180
 18280
 18480
 18080
 18080
 18080
 18080
 4993
 7828
 9459
 10079
 15842
 18080
 18080
 3496
 3558
 5075
 17712
 18080
 10685
 12189
 13692
 16554
 18080
 18080
 18080
 2116
 2280
 5960
 8960
 18080
 18480
 18080
 3146
 5657
 6138
 7463
 8440
 9144
 12630
 18080
 28159
 18080
 18080
 18080
 18080
 18580
 18080
 18080
 2160
 2890
 4357
 5722
 7644
 14509
 15266
 18080
 18080
 18080
 18080
 18080
 18080
 18080
 18080
 18080
 18080
 18080
 3342
 3959
 4094
 8374
 13375
 13728
 13928
 18080
 6823
 12855
 13477
 15161
 16399
 18080
 18080
 2453
 18080
 3548
 7931
 12105
 14367
 17611
 18080
 8565
 16688
 17085
 18080
 18080
 18080
 18080
 18080
 1645
 6088
 13316
 13607
 16459
 17353
 11747
 11788
 15597
 16381
 18080
 18080
 18080
 18080
 18080
 3600
 6196
 6618
 6628
 9461
 12675
 15431
 18080
 18080
 4724
 5255
 13126
 14560
 15903
 16158
 18080
 18080
 18080
 18080
 18080
 18080
 1930
 3648
 4294
 13319
 16503
 18080
 1581
 3537
 3886
 5852
 8314
 8761
 13230
 18080
 18080
 18080
 18080
 18080
 18080
 18080
 48080
 2063
 3537
 4560
 8222
 8427
 9385
 10939
 18080
 18080
 18080
 18080
 18080
 4574
 5191
 7725
 11500
 15909
 18080
 18080
 18080
 18080
 18080
 18080
 18080
 18180
 1864
 4996
 9781
 13919
 17662
 18080
 18080
 18080
 18080
 18080
 18080
 5048
 6132
 6383
 10112
 18080
 18080
 5079
 6601
 10182
 14300
 16210
 16307
 18080
 18080
 18080
 18080
 18080
 18080
 18080
 18080
 18080
 18080
 18080
 18080
 18080
 18080
 18080
 18080
 18080
 18080
 18080
 18080
 18080
 18080
 18080
 18080
 18080
 18080
 18080
 18080
 18080
 18080
 18080
 2053
 5019
 7241
 8451
 10508
 13000
 18080
 18080
 18080
 18080
 18080
 18080
 18080
 18080
 18080
 18080
 18080
 18080
 18080
 1975
 2028
 8070
 9770
 12786
 17900
 18080
 2158
 3803
 4178
 11307
 13464
 15910
 16915
 18080
 18080
 18080
 18480
 18080
 18080
 18080
 18080
 18080
 18080
 18080
 18080
 18080
 18080
 5158
 11951
 13581
 18080
 18080
 18080
 18080
 18080
 18380
 18080
 18080
 18080
 18080
 18080
 9796
 11329
 12236
 15102
 15803
 18080
 18080
 3672
 3832
 7456
 8074
 12497
 13700
 16489
 18080
 6145
 10370
 11525
 12441
 13724
 17782
 18080
 18080
 18080
 18080
 18080
 18080
 18080
 3497
 5518
 12462
 13878
 17256
 18080
 18080
 18080
 18080
 18080
 2870
 6014
 9167
 14326
 14387
 18080
 3724
 6220
 9113
 13599
 13851
 18080
 18080
 18080
 18080
 18080
 18080
 18080
 12116
 12294
 14837
 15994
 18080
 18080
 18080
 2502
 4162
 4670
 9382
 11316
 14440
 15396
 18080
 18080
 18080
 18080
 3621
 3678
 6557
 7431
 7883
 13531
 18080
 18080
 18080
 48080
 18080
 18080
 6416
 7378
 11092
 12034
 12358
 15966
 16672
 18080
 5769
 6897
 7611
 9197
 12250
 18080
 18080
 18080
 18080
 18280
 18580
 18080
 1818
 6897
 9543
 10650
 13902
 18080
 18080
 18380
 18080
 18080
 18080
 18080
 18080
 2667
 4818
 6207
 9061
 17633
 18080
 6110
 18080
 18080
 18080
 18080
 18080
 18080
 18080
 18080
 18080
 18080
 18080
 18080
 18080
 18080
 18080
 18080
 2320
 2903
 3459
 4258
 8655
 12825
 17829
 18080
 18080
 61662
 18080
 18080
 18080
 18080
 18080
 18080
 18080
 18080
 6670
 7303
 8722
 10430
 12049
 16576
 17356
 18080
 6213
 10406
 12910
 15895
 18080
 23011
 18080
 18080
 18080
 18080
 18080
 18480
 18080
 18080
 18080
 28090
 18080
 18080
 18080
 18080
 18080
 18080
 18080
 18080
 18080
 18080
 18080
 18080
 18080
 18080
 1862
 2269
 5903
 9041
 13684
 15049
 18080
 18080
 18080
 7430
 9036
 11944
 13359
 15024
 16612
 18080
 18080
 18080
 18080
 18080
 18080
 18080
 18080
 18080
 1832
 9505
 9822
 9840
 14905
 15100
 2669
 3861
 4755
 6091
 7647
 11080
 12346
 18080
 18080
 18080
 18080
 18080
 18080
 18080
 18080
 18080
 18080
 18080
 18080
 18080
 18080
 18080
 18080
 18080
 18480
 18080
 18080
 7560
 8319
 8443
 8509
 8953
 12876
 15887
 18080
 18080
 18080
 18080
 18380
 18975
 18080
 18080
 18080
 18080
 4553
 5025
 5073
 12867
 13056
 14559
 15598
 18080
 18080
 18080
 4638
 5910
 9652
 11581
 15703
 16965
 17529
 18080
 3977
 6245
 6674
 9397
 9515
 13222
 13953
 18080
 18080
 18080
 2186
 8257
 12509
 12974
 14836
 15301
 17649
 18080
 4668
 4759
 8383
 11834
 12641
 13261
 18080
 18080
 18080
 18080
 18080
 18080
 18080
 18080
 18080
 2368
 15935
 16960
 1903
 7709
 15116
 18080
 18080
 18080
 18080
 18080
 4193
 6844
 7617
 9778
 10487
 14826
 16999
 18080
 18080
 18080
 18080
 18080
 18080
 2337
 3408
 4065
 6841
 10226
 15598
 15677
 18080
 18080
 18080
 4692
 5236
 7011
 7792
 16996
 18080
 18080
 18080
 18080
 2634
 4998
 7566
 9053
 12867
 14919
 16944
 18080
 1586
 3544
 3723
 4706
 8585
 13749
 15537
 18080
 18080
 18080
 18080
 18080
 18080
 18080
 18080
 4400
 6813
 7118
 7610
 9449
 15163
 18080
 18080
 6168
 9614
 10837
 13514
 15037
 16529
 18080
 18080
 18080
 2210
 4570
 4853
 16739
 17503
 18080
 18080
 18080
 18080
 18380
 18080
 18080
 18280
 18080
 18080
 18080
 18080
 18080
 18080
 18080
 1792
 2087
 9247
 11211
 13342
 13378
 16248
 18080
 18080
 18080
 18080
 18080
 18080
 18080
 18080
 3348
 4580
 5525
 5658
 6706
 7871
 18080
 18080
 18080
 18080
 18080
 18080
 18080
 18080
 18080
 18080
 18080
 5196
 6609
 9053
 9242
 10523
 11135
 18080
 6298
 7194
 8352
 10359
 14085
 15570
 15639
 18080
 18380
 18080
 1988
 5331
 6280
 12130
 12668
 17166
 18080
 18080
 18080
 18080
 5152
 7731
 11965
 15022
 15520
 16570
 16834
 18080
 18080
 2669
 3861
 4755
 6091
 7647
 11080
 12346
 18080
 18080
 3934
 4909
 4923
 6465
 11136
 13048
 13110
 18080
 5236
 7011
 7792
 14690
 18080
 18080
 18080
 18080
 18080
 18080
 18080
 18080
 18080
 18080
 1586
 3544
 3723
 4706
 8585
 13749
 15537
 18080
 48080
 18080
 7560
 8319
 8443
 8509
 8953
 12876
 15887
 18080
 18080
 10660
 11248
 13221
 14596
 17020
 17090
 17484
 18080
 6416
 7378
 11092
 12034
 12358
 15966
 16672
 18080
 18080
 18080
 18080
 18080
 3977
 6245
 6674
 9397
 9515
 13222
 13953
 18080
 18080
 18080
 18080
 18080
 18080
 18080
 6110
 18080
 18080
 3563
 3805
 4912
 10608
 14629
 17384
 2899
 3891
 5042
 8948
 14158
 16668
 18080
 2750
 6302
 8376
 8396
 15454
 18080
 1980
 5560
 5759
 6739
 15417
 18080
 4400
 5752
 6640
 14031
 16726
 18080
 1810
 2271
 4238
 11485
 13284
 2598
 6070
 11919
 15462
 16007
 18080
 1662
 6823
 12855
 13477
 15161
 16399
 18080
 1645
 6088
 13316
 17353
 1862
 2269
 5903
 9041
 18080
 3074
 6897
 7611
 9197
 12250
 18080
 7549
 9796
 11329
 12236
 15102
 15803
 6145
 10370
 12441
 14424
 18080
 2246
 3706
 5340
 13267
 15767
 18080
 4574
 7725
 9647
 11500
 15202
 15909
 18080
 2360
 4905
 6523
 7092
 16547
 17395
 18080
 4513
 5913
 8993
 1552
 6213
 10406
 12910
 15895
 18080
 3881
 6886
 7136
 7365
 9275
 18080
 3497
 3960
 5518
 13878
 17256
 18080
 2870
 6014
 6771
 6940
 9167
 14326
 14387
 18080
 2469
 6126
 13301
 14251
 14544
 18080
 2735
 3829
 4878
 8899
 14372
 18080
 1749
 3705
 10067
 13564
 18080
 3201
 4666
 5552
 7682
 9593
 11174
 18080
 1832
 9505
 9840
 14350
 15100
 1930
 3586
 4294
 13319
 16503
 17697
 18080
 1975
 2028
 8070
 9770
 12786
 16922
 17900
 18080
 4737
 9061
 9778
 13579
 13625
 9089
 13309
 16028
 17767
 18080
 3339
 3745
 7900
 10946
 11047
 18080
 2117
 3048
 12624
 13012
 14870
 15979
 3215
 4660
 5393
 10924
 16670
 17787
 18080
 6600
 11825
 14409
 15092
 18080
 3035
 4482
 7249
 7493
 12738
 15384
 16182
 4962
 7081
 15237
 16332
 18080
 6373
 9015
 5608
 6374
 9130
 10092
 3403
 4103
 12542
 14576
 15519
 18080
 3167
 4103
 13405
 14919
 16062
 16789
 18080
 4759
 8383
 11834
 12641
 18080
 2811
 10055
 14132
 15548
 17146
 18080
 2967
 3421
 4117
 8358
 10865
 15709
 18080
 5570
 5919
 6933
 8660
 10507
 11991
 17530
 18080
 3918
 13631
 17573
 1566
 3548
 5266
 7931
 12105
 17611
 6601
 6622
 10182
 16210
 16307
 18080
 1783
 2533
 3590
 4729
 6248
 9042
 7534
 8210
 8438
 11302
 14888
 15231
 18080
 7430
 9036
 11944
 13359
 18080
 10576
 10664
 10943
 15614
 15704
 18080
 2966
 3195
 10834
 11720
 12789
 14925
 18080
 2160
 3448
 5898
 7864
 4130
 4309
 5200
 8069
 13894
 18080
 2153
 4611
 11607
 12892
 13460
 14013
 5886
 10976
 12229
 12396
 18080
 2640
 6508
 6591
 11511
 13144
 15946
 18080
 2649
 7813
 11291
 12083
 16005
 16723
 18080
 1864
 4996
 6767
 13919
 16762
 17662
 5048
 6132
 6383
 9445
 13252
 13343
 4530
 5484
 6654
 9418
 17173
 3496
 3567
 5075
 10781
 17712
 3807
 7637
 8462
 11133
 16759
 17387
 18080
 5275
 5830
 8769
 12936
 16817
 4053
 4057
 4192
 8605
 8626
 18080
 4818
 5672
 6207
 9061
 10640
 17633
 18080
 6339
 8102
 15119
 15245
 16402
 16843
 17723
 18080
 6670
 7303
 8722
 10430
 12049
 17356
 18080
 10685
 12189
 18080
 1903
 3648
 7709
 8118
 17144
 18080
 4235
 4712
 10728
 11886
 6168
 9614
 10837
 13514
 15037
 16529
 18080
 2210
 4570
 7659
 16739
 17503
 18080
 1758
 6881
 9586
 11155
 13996
 16220
 17858
 18080
 2702
 3434
 3960
 6568
 16467
 18080
 7468
 16923
 17119
 6730
 8219
 9705
 10730
 17880
 18080
 5051
 5954
 9607
 12326
 12620
 16834
 18080
 7786
 12768
 13937
 15820
 18080
 3386
 9431
 9790
 10248
 13958
 14287
 14637
 18080
 4522
 4698
 8787
 9006
 13362
 18080
 5079
 7154
 8089
 10871
 12156
 14711
 18080
 2385
 6606
 8671
 10250
 13421
 15302
 17717
 18080
 4015
 4230
 9462
 10087
 12539
 18080
 1701
 7286
 10287
 13595
 15371
 18080
 7121
 7597
 12030
 13412
 17429
 2917
 5456
 8463
 9965
 12674
 14779
 18080
 5131
 10507
 11000
 11974
 12588
 14343
 17290
 18080
 3676
 7348
 9406
 14859
 18080
 18080
 3432
 4610
 8057
 12435
 14045
 16103
 17398
 18080
 2503
 3692
 6225
 6750
 9261
 14192
 16607
 18080
 18080
 18080
 18080
 18080
 18081
 18080
 18080
 18080
 18080
 18080
 18080
 18080
 18080
 18080
 18080
 18080
 18080
 18080
 4724
 5255
 14560
 15903
 18080
 3348
 4580
 5525
 5658
 8627
 18080
 18080
 2550
 4374
 5422
 6863
 12174
 12300
 14730
 18080
 18080
 18080
 18080
 18080
 18080
 18080
 18080
 18080
 1743
 4224
 5451
 7992
 8719
 10808
 13890
 18080
 18080
 18080
 18080
 18080
 18080
 18080
 2220
 3337
 4125
 4419
 15185
 18080
 18080
 18080
 18080
 18080
 18080
 18080
 18080
 1792
 2087
 9247
 11211
 13342
 13378
 16248
 18080
 18080
 18080
 18080
 18080
 1892
 2336
 2557
 4661
 8997
 10694
 16322
 18080
 1608
 4121
 6665
 7152
 9648
 12867
 14798
 18080
 18080
 18080
 18080
 18080
 18080
 7710
 9836
 11821
 11967
 12524
 12655
 17809
 18080
 18080
 18080
 18080
 1740
 5635
 6678
 8440
 9461
 11493
 15896
 18080
 18080
 2694
 6399
 7241
 7493
 14269
 14539
 17092
 18080
 18080
 18080
 18080
 3777
 6039
 6147
 7169
 7371
 13194
 13360
 18080
 5684
 6380
 6451
 7486
 10407
 13517
 14397
 18080
 18080
 18080
 18080
 18080
 18080
 2552
 7430
 14476
 17603
 18080
 18080
 18080
 18080
 1988
 6280
 12130
 12668
 17166
 17387
 18080
 2147
 4166
 4203
 8806
 9715
 12061
 1638
 5721
 6369
 12271
 14611
 16413
 18080
 1573
 6822
 8697
 8804
 10779
 14026
 16624
 18080
 18089
 3121
 4657
 6219
 7458
 8797
 10356
 16759
 18080
 18080
 18080
 18080
 7389
 9070
 11340
 12957
 13096
 18080
 18080
 18080
 18080
 18080
 18080
 18080
 12085
 14973
 18080
 18080
 18080
 18080
 5934
 18080
 18080
 1631
 9708
 9892
 11262
 14489
 14881
 15486
 18080
 18080
 7120
 7125
 9459
 10768
 15820
 15888
 17826
 18080
 2014
 2782
 2953
 2987
 5578
 8769
 13508
 18080
 18080
 2502
 4162
 4670
 9382
 11316
 14440
 15396
 18080
 2263
 6838
 11948
 13024
 14140
 15436
 15448
 18080
 3982
 4074
 4607
 9718
 11389
 11720
 16064
 18080
 8585
 15116
 4283
 6205
 8219
 8903
 9581
 12175
 16174
 18080
 18080
 18080
 1855
 3518
 3519
 10181
 12944
 13402
 16576
 18080
 2441
 4404
 9192
 9560
 12858
 16777
 18080
 1681
 2508
 2638
 6300
 7400
 12200
 12984
 48080
 1900
 3098
 4088
 4686
 9009
 12326
 12731
 18080
 18080
 3172
 7586
 7936
 10097
 11193
 12418
 2337
 3408
 4065
 6841
 10226
 15598
 15677
 18080
 18080
 4553
 5025
 5073
 12867
 13056
 14559
 15598
 18080
 2521
 6154
 6593
 12338
 15770
 18080
 2368
 15935
 16719
 16960
 2053
 7241
 8451
 10508
 13000
 18080
 1818
 9663
 10650
 13902
 18080
 18080
 18080
 18080
 18080
 18080
 18080
 18080
 18080
 18080
 18080
 18080
 18080
 18080
 18080
 2160
 2890
 4357
 5722
 7644
 14509
 15266
 18080
 18080
 18080
 4138
 5296
 6206
 8282
 11991
 13072
 16928
 18080
 18080
 18080
 18080
 2320
 2903
 3459
 4258
 8655
 12825
 17829
 18080
 18080
 18080
 18080
 18080
 18080
 18080
 18080
 18080
 18080
 18080
 18080
 5903
 6778
 7039
 7834
 10241
 11145
 14989
 18080
 18080
 7669
 10047
 13475
 15071
 17718
 18080
 2602
 3034
 7001
 7288
 10641
 18080
 18080
 18080
 3724
 9113
 10391
 13599
 13851
 17331
 18080
 4400
 4610
 6813
 7118
 7610
 9449
 15163
 18080
 18080
 18080
 4783
 5854
 9133
 12700
 14705
 18080
 1820
 6186
 10342
 11747
 15597
 16381
 18080
 6447
 7568
 11813
 13101
 15644
 3207
 3305
 3755
 6008
 14538
 15030
 16261
 18080
 2408
 2796
 3294
 4380
 5414
 15814
 18080
 9053
 10523
 18080
 4527
 4533
 10795
 2031
 9072
 9230
 11704
 12371
 12766
 16036
 18080
 4683
 6398
 6521
 6588
 10467
 18080
 3568
 7741
 7947
 13725
 16979
 17553
 18080
 8433
 8696
 12113
 12223
 12904
 18080
 5089
 5480
 5733
 6313
 6838
 8754
 18080
 4193
 6844
 7617
 9778
 10487
 14826
 16999
 18080
 4354
 5759
 6536
 11020
 15770
 16014
 16697
 18080
 2116
 2280
 3940
 8960
 11296
 4715
 12294
 14837
 15982
 15994
 18080
 4773
 9018
 14869
 16942
 18080
 18080
 18080
 2186
 8257
 12509
 12974
 14836
 15301
 17649
 18080
 18080
 18080
 18080
 18080
 18080
 18080
 18080
 6321
 9881
 11695
 13155
 14219
 14250
 16993
 18080
 18080
 18080
 18080
 18080
 1577
 2214
 5737
 7141
 11229
 16152
 16647
 18080
 5367
 5577
 12518
 13331
 14220
 16387
 17876
 18080
 1581
 3537
 3886
 5852
 8314
 8761
 13230
 18080
 2063
 3537
 4560
 8222
 8427
 9385
 10939
 18080
 2158
 3803
 4178
 11307
 13464
 15910
 16915
 18080
 4638
 5910
 9652
 11581
 15703
 16965
 17529
 18080
 6298
 7194
 8352
 10359
 14085
 15570
 15639
 18080
 4384
 5206
 6607
 10132
 10297
 10638
 15633
 18080
 18080
 9369
 11055
 17433
 18080
 18080
 18080
 18080
 18080
 18080
 5047
 5958
 6530
 8282
 8418
 11788
 14007
 18080
 18080
 18080
 3146
 5657
 6138
 7463
 8440
 9144
 12630
 18080
 1861
 2803
 11973
 15957
 16079
 17830
 17903
 18080
 7828
 9459
 10079
 13271
 14213
 15842
 18080
 3521
 5158
 8830
 15247
 17251
 18080
 18080
 18080
 18080
 18080
 18080
 2634
 4998
 7566
 9053
 12867
 14919
 16944
 18080
 18080
 18080
 18080
 18080
 18080
 3678
 6557
 7431
 7883
 13531
 18080
 3226
 4424
 4961
 9223
 12942
 16989
 17219
 18080
 18080
 1783
 8776
 11630
 13269
 14161
 14390
 17647
 18080
 3600
 6196
 6618
 6628
 9461
 12675
 15431
 18080
 8565
 9366
 11019
 15548
 16688
 17085
 18080
 18080
 18080
 18080
 18080
 3672
 3832
 7456
 12497
 16489
 18080
 18080
 18080
 18080
 4738
 10540
 14869
 18080
 18080
 18080
 18080
 18080
 18080
 18080
 18080
 18080
 18080
 18080
 3342
 3959
 4094
 8374
 13375
 13728
 13928
 18080
 2776
 3840
 6965
 7620
 8870
 10067
 12943
 18080
 2773
 4480
 6899
 6959
 10269
 13066
 13977
 18080
 18080
 3362
 3486
 5963
 12461
 17083
 18080
 18080
 18080
 18080
 18080
 18080
 18080
 18080
 3568
 8965
 16979
 17553
 18080
 18080
 18080
 18080
 18080
 8626
 18080
 18080
 18080
 18080
 18080
 18080
 18080
 18080
 18080
 18080
 18280
 18080
 18080
 2598
 5340
 6070
 18280
 18380
 18080
 18080
 18080
 18080
 18080
 18080
 18080
 3706
 15767
 16782
 18080
 18080
 18080
 18080
 18080
 18080
 18080
 18080
 18080
 18080
 18080
 18080
 2408
 5025
 18080
 1749
 3705
 17147
 17436
 18280
 18080
 18080
 9593
 18080
 18080
 18080
 4527
 18080
 18080
 18080
 18080
 18080
 18080
 18080
 18080
 18080
 18080
 18080
 18080
 18080
 4166
 8129
 9715
 18080
 18080
 5721
 6151
 3654
 11886
 18080
 18080
 18080
 11813
 18080
 18080
 18080
 18080
 3207
 3305
 15030
 8396
 18080
 18080
 18080
 18080
 2043
 6739
 14107
 15417
 18080
 18080
 4905
 18080
 6126
 14544
 18280
 46217
 46917
 18080
 18080
 18080
 18080
 18080
 18080
 18080
 18080
 18080
 18080
 18080
 18080
 7658
 6398
 10467
 15004
 18080
 18380
 18080
 18080
 18080
 2702
 3960
 13517
 18080
 18080
 18080
 8219
 9705
 17880
 18080
 18080
 18080
 2566
 18080
 6641
 7786
 18380
 10248
 28159
 18080
 18080
 48080
 18080
 18080
 18080
 18080
 18080
 18280
 18080
 18080
 18080
 1810
 4698
 13362
 10576
 10664
 10943
 15704
 17415
 7154
 12156
 18080
 10834
 11720
 14925
 13421
 15302
 18080
 4230
 18080
 10287
 11134
 11897
 18080
 18080
 18080
 18080
 3362
 3486
 9317
 12461
 13529
 48080
 18080
 18080
 18080
 18080
 7348
 8565
 18080
 18080
 18080
 18080
 18080
 18080
 18080
 18080
 18080
 18080
 18080
 18080
 18080
 18080
 18080
 18080
 18080
 18080
 18080
 18080
 10641
 4737
 13197
 18080
 18080
 6993
 18080
 18080
 18080
 10946
 11047
 18080
 18080
 14870
 15979
 18080
 18080
 18080
 4780
 5913
 10186
 18080
 3215
 16670
 18080
 18080
 3035
 4482
 4962
 3448
 11453
 4130
 4309
 5200
 9978
 18080
 18480
 13829
 18080
 12892
 13460
 4103
 18080
 13405
 18080
 18080
 18080
 18580
 18080
 18080
 18080
 2811
 14459
 15885
 17146
 18080
 18080
 2696
 2967
 3421
 4117
 18080
 18080
 18080
 1778
 3121
 5886
 6921
 12396
 6591
 18080
 18080
 18180
 18080
 18580
 18080
 18080
 18080
 18080
 18080
 18080
 2508
 18080
 18080
 10097
 18080
 5089
 8754
 18080
 18080
 2031
 18080
 18380
 6881
 13996
 18080
 18080
 3918
 6054
 6807
 17573
 18080
 18080
 18080
 2441
 9192
 18080
 18080
 10958
 12936
 18080
 18080
 18080
 18080
 18080
 5603
 6886
 7365
 9275
 18080
 18080
 18080
 18080
 18080
 18080
 18080
 18380
 18480
 18080
 18080
 4783
 9133
 14705
 18180
 18080
 18080
 3805
 10608
 11344
 18080
 18080
 3891
 5042
 6388
 9070
 11149
 16944
 18080
 18080
 18080
 18080
 6640
 16726
 18080
 18080
 18080
 18080
 18080
 18080
 18080
 18080
 9418
 18080
 2533
 18080
 11302
 15231
 18180
 18080
 18080
 18080
 13271
 14213
 3567
 3816
 10781
 18080
 18080
 3901
 8502
 9266
 18080
 2389
 3940
 11296
 18080
 18080
 18580
 18080
 18080
 18080
 18080
 18080
 18080
 1662
 7327
 18080
 48080
 1566
 5266
 18080
 9366
 11019
 12249
 15548
 15688
 18080
 1820
 6186
 10342
 18080
 3280
 18080
 18080
 3586
 17697
 18080
 18080
 18080
 18080
 9647
 15202
 18080
 18280
 18080
 18080
 18080
 34917
 18080
 18080
 6767
 16762
 18080
 18080
 18080
 9445
 13252
 13343
 18080
 6622
 18080
 18080
 18080
 18080
 18080
 18080
 18080
 18080
 18080
 18080
 18080
 18080
 3682
 18080
 18080
 18080
 18080
 18080
 16922
 18080
 18080
 18080
 18080
 3521
 8830
 15247
 17251
 18080
 18080
 18080
 18080
 13921
 18080
 48080
 18080
 14424
 18080
 18080
 3960
 8309
 6771
 6940
 18080
 18080
 10391
 17331
 18080
 18080
 2879
 4715
 15982
 18080
 18080
 32221
 15744
 18080
 18080
 18080
 18080
 18280
 18080
 18080
 3074
 8270
 18080
 18480
 18080
 18080
 9663
 12641
 18080
 18080
 18080
 18080
 5672
 10640
 18080
 18080
 18080
 18280
 18080
 18080
 3449
 18080
 18080
 18180
 18080
 1552
 1937
 11965
 28159
 18080
 18080
 18080
 18080
 28159
 13283
 18080
 18080
 18080
 17427
 18080
 14350
 18080
 18080
 18080
 18080
 18080
 18080
 18080
 28159
 18080
 18080
 18080
 18080
 18080
 18080
 18080
 7813
 18080
 18080
 6397
 12968
 16719
 17750
 18080
 3648
 8118
 9490
 17144
 18080
 18080
 18080
 2420
 14690
 18080
 18080
 18080
 18080
 18080
 4610
 2807
 18080
 18080
 3258
 7659
 18080
 18080
 18080
 18080
 18080
 18080
 18080
 8627
 18180
 18080
 18080
 18480
 18080
 18080
 18080
 18080
 12581
 17387
 18080
 18080
 18080
 18080
 18080
 18080
 2420
 4692
 16996
 18080
 18080
 18080
 18080
 18080
 18080
 18080
 48080
 18080
 18080
 18080
 18080
 18080
 11344
 18080
 6388
 5387
 9276
 2043
 14107
 6615
 14846
 6114
 6570
 18080
 5340
 9311
 7327
 13607
 15688
 16459
 18080
 13283
 13684
 15049
 5769
 8270
 13921
 18080
 11525
 13724
 17782
 10713
 16782
 5191
 14481
 4780
 10186
 11518
 14449
 18080
 1937
 11965
 5603
 11254
 8309
 12462
 7521
 8369
 2536
 15657
 13377
 17147
 17436
 16074
 9822
 14905
 18080
 3648
 8698
 13197
 18080
 6025
 6993
 12656
 3431
 14874
 4383
 18080
 14795
 5043
 7359
 8637
 18080
 6222
 15334
 17151
 1541
 2621
 5749
 7414
 13517
 18080
 7849
 13829
 16325
 18080
 4169
 7917
 7778
 48080
 4668
 7813
 13261
 14459
 15885
 2696
 3258
 6054
 6807
 15312
 18080
 14367
 18080
 5079
 14300
 9799
 18080
 7608
 15024
 16612
 17427
 11286
 17415
 11703
 4958
 11453
 11562
 18080
 5363
 9978
 14056
 18080
 1778
 3121
 6921
 9726
 3170
 9781
 18080
 10112
 18080
 3901
 13496
 18080
 3558
 3816
 18080
 6410
 10193
 10958
 18080
 10506
 17545
 18080
 2667
 16576
 3901
 8502
 9266
 13692
 16554
 18080
 18080
 9490
 15116
 3116
 3654
 17492
 18080
 2807
 3258
 4853
 18080
 13517
 16138
 4036
 11351
 14101
 16197
 18080
 11800
 12438
 2566
 6641
 7446
 10272
 7239
 17602
 3381
 5426
 15112
 11134
 11897
 11786
 17398
 18080
 14284
 8565
 9555
 11878
 18080
 18080
 18080
 30080
 18082
 3280
 13126
 16158
 6706
 7871
 18080
 18080
 18080
 18080
 18080
 18080
 18080
 18080
 18080
 18080
 18080
 18080
 18080
 18080
 5331
 8129
 18080
 6151
 18080
 18080
 18080
 18080
 18080
 4918
 18080
 18080
 18080
 6328
 18080
 18080
 3677
 7740
 18080
 6397
 12968
 17750
 18080
 3682
 5019
 6897
 9543
 12641
 18080
 18080
 18080
 18080
 18080
 18080
 18080
 18080
 18080
 18080
 18080
 18080
 18080
 18080
 18080
 18080
 18080
 18080
 18080
 18080
 18080
 18080
 18080
 18080
 18080
 7516
 7658
 8894
 13595
 18080
 18080
 6220
 18080
 9284
 11137
 11788
 1694
 5508
 18080
 5025
 5196
 6609
 9242
 11135
 12581
 5280
 6388
 9302
 10647
 18080
 6024
 15004
 8965
 8376
 12388
 9899
 48080
 18080
 2389
 5960
 18080
 2879
 12116
 18080
 9070
 11149
 16944
 18080
 18080
 18080
 18080
 18080
 18080
 18080
 18080
 4993
 11951
 13581
 18080
 18080
 18080
 18080
 18080
 18080
 3621
 15744
 18080
 12249
 8074
 13700
 18080
 18080
 18080
 18080
 18080
 18080
 18080
 18080
 18080
 9317
 13529
 18080
